6,1,1,9,1,10,17,16,11,1,4,1,0,3,2,0,17,12,14,11,11,12,4,1,0,1,1,2,1,1,1,1,0,1,3,2,0,0,0,0,0,0,0,1,1,1,4,1,0,1,0,4,3,0,1,3,0,0,0,2,0,0,0,1,3,0,0,1,1,5,5,5,5,5
7,1,1,9,1,7,15,13,12,0,0,2,0,2,1,20,11,15,12,15,11,14,1,4,0,2,4,2,2,2,2,2,6,6,2,1,2,2,2,2,2,0,4,6,2,2,0,6,4,6,2,6,0,4,4,2,2,2,2,4,6,0,0,4,0,4,0,2,4,4,4,4,4,4
1,6,1,12,1,12,15,13,12,1,6,2,0,3,1,0,20,14,16,8,12,9,5,2,1,2,2,-1,2,-1,-1,-1,-1,-1,2,3,-1,-1,-1,-1,-1,1,-1,-1,-1,2,9,2,-1,2,-1,-1,5,1,-1,-1,-1,-1,-1,5,-1,1,1,2,9,1,5,2,-1,5,5,5,5,5
5,1,1,9,1,6,14,10,14,0,1,3,0,1,0,13,16,14,13,10,17,2,3,2,3,3,3,1,3,3,3,1,8,3,5,4,1,1,1,1,1,0,1,3,3,3,1,3,1,3,4,3,1,0,4,0,0,0,1,0,1,0,0,3,1,0,0,3,3,1,1,1,1,1
3,1,1,9,1,10,18,17,9,0,-1,-1,0,2,3,0,9,9,14,11,15,18,4,-1,4,-1,-1,4,-1,4,4,4,0,4,-1,6,4,0,0,0,0,7,0,4,4,-1,-1,-1,0,-1,0,4,-1,2,4,0,0,0,0,2,0,2,2,-1,-1,2,2,-1,4,3,3,3,3,3
8,1,1,9,1,4,14,14,10,0,1,0,0,2,1,0,12,10,10,14,10,10,0,0,2,0,0,0,0,0,0,0,2,0,0,4,6,6,6,6,6,0,2,0,0,0,1,0,2,0,2,0,1,0,0,2,2,2,2,0,2,0,0,0,1,0,0,0,0,1,1,1,1,1
4,5,1,9,1,8,18,17,11,0,0,1,0,2,2,2,0,10,12,11,11,16,12,2,1,5,1,1,5,1,1,1,1,0,1,1,0,0,0,0,4,3,0,1,1,0,0,1,0,1,0,1,4,3,1,0,0,0,0,7,0,3,3,1,0,3,3,0,1,5,5,5,5,5
2,1,1,6,1,8,17,17,10,0,0,0,0,0,2,2,20,10,11,14,12,10,16,2,2,2,0,0,3,0,7,3,3,1,7,0,2,1,5,5,1,1,5,0,1,7,3,0,0,0,1,0,1,3,0,0,3,1,1,1,1,0,0,0,0,0,0,0,3,1,1,1,1,1
9,3,1,12,1,10,16,10,15,0,2,3,0,1,2,0,15,17,12,12,14,10,4,4,4,3,3,0,6,0,0,0,1,0,3,1,1,1,1,1,1,2,1,0,0,3,2,3,1,6,1,0,2,2,0,1,1,1,1,2,1,6,2,3,2,5,2,3,0,4,4,4,4,4
10,3,1,9,1,10,14,12,12,1,1,2,0,1,20,11,14,8,17,11,11,2,1,0,2,2,0,2,0,0,0,3,0,5,-1,7,0,7,0,0,0,3,0,0,2,0,2,3,2,3,0,0,0,0,3,3,3,3,0,3,0,0,2,0,4,0,2,0,2,2,2,2,2
11,3,1,9,1,10,20,16,14,1,4,4,0,2,2,20,16,19,13,14,13,12,4,5,1,4,4,5,4,1,1,1,2,1,4,4,6,2,2,2,5,0,1,2,1,1,4,3,4,2,4,2,1,3,1,1,2,2,2,1,2,1,1,4,3,1,1,4,1,4,4,4,4,4
1,1,1,12,1,15,15,14,11,1,1,1,0,3,1,0,11,12,16,14,14,17,5,1,2,1,1,7,1,3,3,3,2,3,5,3,2,2,2,2,2,2,2,3,3,1,4,1,2,1,2,3,4,2,3,6,2,2,2,2,2,2,2,1,4,2,2,2,3,2,2,2,2,2
2,3,1,12,1,8,17,16,11,0,3,1,0,1,2,20,16,13,12,10,13,12,2,2,3,1,1,1,1,1,1,1,0,1,1,1,0,4,0,4,4,1,0,1,1,1,3,4,0,1,0,1,3,1,1,0,0,0,0,1,0,5,1,1,3,1,1,1,1,2,2,2,2,2
3,3,1,6,1,8,15,13,12,0,2,2,2,1,1,0,14,15,12,15,14,8,2,2,4,2,2,-1,2,-1,-1,-1,2,-1,2,1,2,2,2,2,2,2,2,-1,-1,2,2,2,2,2,2,-1,2,2,-1,2,2,2,2,2,2,2,2,2,2,2,2,2,-1,3,3,3,3,3
4,1,1,12,2,8,15,13,12,0,2,2,0,2,1,0,14,14,10,11,12,10,2,2,3,2,2,0,2,0,0,0,0,0,2,0,0,0,0,0,0,1,0,0,0,2,2,2,0,2,0,0,2,1,0,0,0,0,0,1,0,1,1,2,2,1,1,2,0,2,2,2,2,2
5,4,1,6,1,4,13,13,10,0,1,0,0,2,1,0,13,11,13,14,17,15,0,0,5,0,0,2,0,2,2,2,2,2,0,1,2,2,2,2,2,3,2,2,2,0,1,0,2,0,2,2,1,3,2,2,2,2,2,3,2,3,3,0,1,3,3,0,2,1,1,1,1,1
6,6,1,6,2,11,15,13,12,1,5,2,0,3,1,0,19,14,12,9,15,11,3,2,2,2,2,0,2,0,0,0,-1,0,2,1,-1,-1,-1,-1,-1,2,-1,0,0,2,4,2,-1,2,-1,0,4,2,0,-1,-1,-1,-1,2,-1,2,2,2,4,2,2,2,0,4,4,4,4,4
7,7,1,9,1,7,18,13,15,0,-1,5,0,2,2,0,8,20,12,13,10,13,1,6,0,8,5,1,8,1,1,1,1,1,5,1,1,1,1,1,1,0,1,1,1,5,4,8,1,5,1,1,-1,4,1,1,1,1,1,0,1,0,0,5,3,4,0,5,1,4,4,4,4,4
6,1,1,9,2,13,18,15,13,1,1,3,0,3,2,0,10,16,16,12,16,14,5,3,3,3,3,2,3,2,2,2,1,2,3,3,1,1,1,1,1,3,1,2,2,3,0,3,1,3,1,2,0,3,2,1,1,1,1,3,1,3,3,3,0,3,3,3,2,4,4,4,4,4
8,4,1,9,2,6,16,14,12,0,-1,2,0,1,1,0,9,15,17,12,15,11,2,2,4,2,2,0,2,0,0,0,1,0,2,3,1,1,1,1,1,2,1,0,0,2,-1,2,1,2,1,0,-1,2,0,1,1,1,1,2,1,2,2,2,-1,2,2,2,0,1,1,1,1,1,1
9,5,1,9,2,8,14,13,11,0,1,1,0,2,1,0,13,13,10,11,11,13,2,3,2,1,1,1,1,1,1,1,0,1,1,0,0,0,0,0,0,0,0,1,1,1,1,1,0,1,0,1,1,0,1,0,0,0,0,0,0,0,0,1,1,0,0,1,1,1,1,1,1,1
10,1,1,9,2,11,14,13,11,1,2,0,0,2,1,0,13,11,13,10,17,10,3,0,3,0,0,0,0,0,0,0,0,0,0,1,0,0,0,0,0,3,0,0,0,0,1,0,0,0,0,0,1,3,0,0,0,0,0,3,0,3,3,0,1,3,3,0,0,3,3,3,3,3
11,7,1,9,1,9,14,13,11,1,4,1,0,2,1,0,15,12,13,13,12,10,3,2,1,,1,1,0,1,0,0,0,1,0,1,1,1,1,1,1,1,1,1,0,0,1,2,1,1,1,1,0,2,1,0,1,1,1,1,1,1,1,1,1,2,1,1,1,0,2,2,2,2,2
2,5,1,9,2,6,14,14,10,0,0,0,0,2,1,0,10,10,11,13,15,13,0,2,4,0,0,5,4,1,6,1,1,5,0,0,1,5,1,1,1,2,1,0,0,0,0,0,1,0,1,0,0,2,0,1,1,1,1,2,1,6,2,0,0,6,2,0,0,1,1,1,1,1
2,4,1,9,2,7,16,15,11,0,1,1,0,2,2,0,12,13,14,10,11,17,1,3,2,1,1,3,1,3,3,3,0,3,1,2,0,0,0,0,0,0,0,3,3,1,1,1,0,1,0,3,1,0,3,0,0,0,0,0,0,0,0,1,1,0,0,1,3,1,1,1,1,1
1,2,1,12,2,15,14,13,11,1,1,1,0,2,1,0,11,13,19,16,13,8,5,1,1,1,1,-1,1,-1,-1,-1,3,-1,1,4,7,3,3,7,3,1,3,-1,-1,1,0,1,3,1,3,-1,0,1,-1,3,3,3,3,1,3,1,1,1,0,1,1,1,-1,4,4,4,4,4
3,5,1,6,2,9,13,13,10,0,0,0,0,2,1,0,11,10,13,15,16,12,3,0,5,0,0,1,0,1,1,1,2,1,0,5,6,2,6,2,2,3,2,5,1,0,0,0,2,0,2,1,0,3,1,2,2,2,2,3,2,3,3,0,0,3,3,0,1,2,2,2,2,2
4,1,1,12,2,10,13,13,11,0,2,1,0,2,1,0,15,13,15,12,15,11,4,1,4,1,1,4,1,0,0,0,1,0,1,2,1,5,1,1,1,2,1,0,0,1,2,1,1,1,1,0,6,2,0,1,1,1,1,2,1,2,2,1,2,2,6,1,0,4,4,4,4,4
5,7,1,6,1,4,16,13,13,0,-1,3,0,2,2,0,8,17,10,11,13,13,0,2,3,3,3,1,3,1,1,1,0,1,3,4,0,0,0,0,0,1,0,1,1,3,-1,6,0,3,0,1,-1,1,1,0,0,0,0,1,0,1,1,3,-1,1,1,3,1,1,1,1,1,1
7,3,1,12,2,8,18,14,14,0,1,4,0,3,2,0,13,18,12,10,16,13,2,5,3,8,4,1,4,5,1,1,0,1,4,1,0,0,0,0,0,3,4,1,1,4,1,8,0,8,0,1,1,3,1,0,0,0,0,3,4,3,3,4,1,3,3,4,0,3,3,3,3,3
8,3,1,9,2,5,16,13,13,0,0,3,0,2,2,0,10,16,10,16,12,13,1,2,3,3,3,1,3,1,1,1,3,1,3,4,7,7,7,7,7,1,3,1,1,3,0,3,3,3,3,1,0,1,1,3,3,3,3,1,3,1,1,3,0,1,1,3,1,1,1,1,1,1
9,1,1,12,2,8,16,12,14,0,0,3,0,2,1,0,10,17,11,11,12,10,2,5,3,3,3,0,3,0,0,0,0,0,3,0,0,0,0,0,0,1,0,0,0,7,0,3,0,7,0,0,0,1,0,0,0,0,0,5,0,1,1,3,0,5,1,3,0,3,3,3,3,3
10,1,1,6,2,13,15,15,10,1,3,0,0,2,2,0,14,10,16,11,20,18,5,0,5,0,0,4,0,4,4,4,0,4,0,3,0,0,0,0,0,9,0,4,4,0,2,0,0,0,0,4,2,5,4,0,0,0,0,5,0,5,5,0,2,5,9,0,4,4,4,4,4,4
11,1,1,6,2,10,20,15,15,1,2,5,0,2,3,20,13,20,15,11,14,14,4,7,2,5,5,2,5,2,2,2,0,2,5,2,0,4,0,0,0,2,0,2,2,5,1,9,0,9,0,2,1,2,2,0,0,0,0,2,0,2,2,5,1,2,6,5,2,5,5,5,5,5
1,6,2,6,2,27,18,17,11,2,7,1,0,3,3,0,20,13,15,13,13,12,5,1,1,1,1,1,1,1,1,1,1,7,1,2,1,1,1,1,1,1,1,1,1,1,9,1,1,1,1,7,5,1,1,1,1,1,1,6,1,1,1,1,9,1,1,1,1,5,5,5,5,5
2,1,2,12,2,12,17,15,14,1,2,2,0,2,3,0,12,14,13,11,12,14,1,5,4,2,2,2,2,2,2,2,0,2,2,1,0,0,0,0,0,1,0,2,2,2,1,2,0,2,0,2,1,1,2,0,0,0,0,1,0,1,1,2,1,1,1,2,2,2,2,2,2,2
3,1,2,9,2,21,16,15,13,1,2,1,0,3,3,0,13,12,16,12,12,13,6,1,4,1,1,1,1,1,1,1,1,1,1,3,1,1,1,1,1,1,1,1,1,1,1,1,1,1,1,1,1,1,1,1,1,1,1,1,1,1,1,1,1,1,1,1,1,3,3,3,3,3
4,5,2,12,2,11,16,13,14,1,3,3,0,2,2,0,14,16,12,12,13,14,4,3,4,3,3,2,3,2,2,2,1,2,3,1,1,1,1,1,1,1,1,2,2,3,2,3,1,3,1,2,2,1,2,1,1,1,1,1,1,1,1,3,2,1,1,3,2,4,4,4,4,4
5,3,2,6,2,9,16,14,14,1,2,2,0,2,2,20,12,15,11,13,13,17,1,1,4,2,2,3,2,3,3,3,1,3,2,0,1,1,1,1,1,1,1,3,3,2,1,2,1,2,1,3,1,1,3,1,1,1,1,1,1,1,1,2,1,1,1,2,3,1,1,1,1,1
6,6,2,6,2,24,13,12,12,2,4,1,0,3,1,0,15,12,14,13,13,9,3,2,1,1,1,-1,1,-1,-1,-1,1,-1,1,2,1,1,1,1,1,1,1,-1,-1,1,2,1,1,1,1,-1,2,1,-1,1,1,1,1,1,1,1,1,1,2,1,1,1,-1,4,4,4,4,4
7,7,2,6,1,16,15,12,14,1,3,3,0,2,1,0,14,16,15,10,12,11,2,5,1,3,3,0,3,0,0,0,0,0,3,2,0,0,0,0,0,1,0,0,0,3,2,3,0,3,0,0,2,1,0,0,0,0,0,1,0,1,1,3,2,1,1,3,0,4,4,4,4,4
8,3,2,12,2,8,15,12,13,1,1,3,0,2,2,0,12,16,10,16,15,10,1,2,4,3,3,0,3,0,0,0,3,0,3,0,3,3,3,3,3,2,3,0,0,3,0,3,3,3,3,0,0,2,0,3,3,3,3,2,3,2,2,3,0,2,2,3,0,1,1,1,1,1
9,1,2,12,2,16,16,13,14,1,2,3,0,2,2,0,12,17,14,11,16,10,5,3,6,3,3,3,3,3,3,3,0,3,3,2,0,0,0,0,0,1,0,3,3,3,1,3,0,3,0,3,1,1,3,0,0,0,0,1,0,1,1,3,1,1,1,3,3,4,4,4,4,4
10,1,2,12,2,13,17,15,14,2,5,2,0,2,3,0,16,14,10,10,12,11,3,2,2,2,2,0,2,0,0,0,0,0,2,0,0,0,0,0,0,1,0,0,0,2,3,2,0,2,0,0,3,1,0,0,0,0,0,1,0,1,1,2,3,1,1,2,0,4,4,4,4,4
11,5,2,12,2,15,19,15,16,2,3,4,0,2,3,0,13,18,13,11,11,13,4,7,0,4,4,1,4,1,1,1,0,1,4,1,0,0,0,0,0,0,0,1,1,4,1,4,0,4,0,1,1,0,1,0,0,0,0,0,0,0,0,4,1,0,0,4,1,3,3,3,3,3
1,1,3,6,2,40,17,15,12,3,5,0,0,3,3,0,14,11,17,10,13,12,6,3,2,0,0,1,0,1,1,1,0,1,0,3,0,0,0,0,0,1,0,1,1,0,2,0,0,0,0,1,2,1,1,0,0,0,0,1,0,1,1,0,2,1,1,0,1,4,4,4,4,4
2,7,3,12,1,22,14,12,12,1,2,2,0,2,2,0,12,15,17,12,15,16,4,4,5,2,2,3,2,3,3,3,1,3,2,3,1,1,1,1,1,2,1,3,3,2,1,2,1,2,1,3,1,2,3,1,1,1,1,2,1,2,2,2,1,2,2,2,3,2,2,2,2,2
3,3,3,12,2,23,14,13,11,2,2,1,0,2,1,0,11,13,13,11,10,12,5,1,3,1,1,1,1,1,1,1,0,1,1,1,0,0,0,0,0,0,0,1,1,1,0,1,0,1,0,1,0,0,1,0,0,0,0,0,0,0,0,1,0,0,0,1,1,2,2,2,2,2
4,4,3,6,1,25,17,15,12,2,3,2,0,2,2,20,13,15,15,12,16,18,4,3,4,2,2,4,2,4,4,4,1,4,2,2,1,1,1,1,1,3,1,4,4,2,1,2,1,2,1,4,1,3,4,1,1,1,1,3,1,3,3,2,1,3,3,2,4,3,3,3,3,3
5,3,3,6,2,12,13,13,10,1,3,0,0,2,1,20,14,11,12,14,11,10,2,1,3,0,0,0,0,0,0,0,2,0,0,1,2,2,2,2,2,0,2,0,0,0,2,0,2,0,2,0,2,0,0,2,2,2,2,0,2,0,0,0,2,0,0,0,0,1,1,1,1,1
6,5,3,9,2,25,16,14,12,3,3,2,0,3,2,0,11,14,11,11,14,10,3,3,3,2,2,0,2,0,0,0,0,0,2,0,0,0,0,0,0,2,0,0,0,2,0,2,0,2,0,0,0,2,0,0,0,0,0,2,0,2,2,2,0,2,2,2,0,3,3,3,3,3
7,2,3,6,1,21,18,14,14,2,3,4,0,2,2,0,12,18,17,11,12,16,3,7,2,4,4,3,4,3,3,3,0,3,4,3,0,0,0,0,0,1,0,3,3,4,1,4,0,4,0,3,1,1,3,0,0,0,0,1,0,1,1,4,1,1,1,4,3,3,3,3,3,3
8,2,3,12,2,10,19,15,14,1,1,4,0,2,3,20,11,18,13,16,10,12,1,5,3,4,4,1,4,1,1,1,3,1,4,1,3,3,3,3,3,0,3,1,1,4,0,4,3,4,3,1,0,0,1,3,3,3,3,0,3,0,0,4,0,0,0,4,1,2,2,2,2,2
9,6,3,9,2,22,16,15,11,2,4,1,0,2,2,0,2,1,15,13,11,11,15,11,5,1,1,0,1,0,0,0,0,0,1,0,0,0,0,0,0,2,0,0,0,1,2,1,0,1,0,0,2,2,0,0,0,0,0,2,0,2,2,1,2,2,2,1,0,4,4,4,4,4
10,1,3,12,2,18,16,14,12,3,5,2,0,2,2,0,14,15,11,10,14,10,3,3,1,2,2,0,2,0,0,0,0,0,2,0,0,0,0,0,0,2,0,0,0,2,2,2,0,2,0,0,2,2,0,0,0,0,0,2,0,2,2,2,2,2,2,2,0,3,3,3,3,3
11,1,3,12,2,17,18,15,13,3,4,1,0,2,3,0,13,12,10,12,14,12,3,4,3,1,1,1,1,1,1,1,1,1,1,0,1,1,1,1,1,2,1,1,1,1,1,1,1,1,1,1,1,2,1,1,1,1,1,2,1,2,2,1,1,2,2,1,1,2,2,2,2,2
1,2,4,9,1,38,14,13,11,4,7,1,0,2,1,0,16,12,12,15,13,10,4,1,2,1,1,0,1,0,0,0,2,0,1,1,2,2,2,2,2,1,2,0,0,1,3,1,2,1,2,0,3,1,0,2,2,2,2,1,2,1,1,1,3,1,1,1,0,4,4,4,4,4
2,7,4,12,1,19,19,15,14,3,3,4,0,2,3,0,10,19,11,15,11,10,1,7,4,4,4,0,4,0,0,0,2,0,4,0,2,2,2,2,2,0,2,0,0,4,0,4,2,4,2,0,0,0,0,2,2,2,2,0,2,0,0,4,0,0,0,4,0,2,2,2,2,2
3,4,4,9,1,18,17,15,12,3,2,2,0,2,3,0,9,14,13,10,18,12,4,3,7,2,2,1,2,1,1,1,0,1,2,1,0,0,0,0,0,4,0,1,1,2,-1,2,0,2,0,1,-1,4,1,0,0,0,0,4,0,4,4,2,-1,4,4,2,1,2,2,2,2,2
4,4,4,6,1,20,14,12,12,3,4,2,0,2,1,0,12,14,13,11,12,15,4,2,5,2,2,2,2,2,2,2,0,2,2,1,0,0,0,0,0,1,0,2,2,2,1,2,0,2,0,2,1,1,2,0,0,0,0,1,0,1,1,2,1,1,1,2,2,3,3,3,3,3
5,1,4,9,2,18,15,13,12,2,2,2,0,2,2,20,11,15,14,14,11,17,3,3,4,2,2,3,2,3,3,3,2,3,2,2,2,2,2,2,2,0,2,3,3,2,0,2,2,2,2,3,0,0,3,2,2,2,2,0,2,0,0,2,0,0,0,2,3,3,3,3,3,3
6,2,4,6,1,36,14,14,10,4,6,0,0,3,2,0,15,11,16,12,14,11,6,1,3,0,0,0,0,0,0,0,1,0,0,3,1,1,1,1,1,2,1,0,0,0,2,0,1,0,1,0,2,2,0,1,1,1,1,2,1,2,2,0,2,2,2,0,0,4,4,4,4,4
7,5,4,9,2,19,19,15,14,3,5,4,0,2,3,0,14,19,13,13,15,16,2,5,3,4,4,3,4,3,3,3,1,3,4,1,1,1,1,1,1,2,1,3,3,4,2,4,1,4,1,3,2,2,3,1,1,1,1,2,1,2,2,4,2,2,2,4,3,3,3,3,3,3
8,1,4,9,2,19,16,14,12,2,2,2,0,2,3,20,10,15,14,14,13,12,3,3,5,2,2,1,2,1,1,1,2,1,2,2,2,2,2,2,2,1,2,1,1,2,0,2,2,2,2,1,0,1,1,2,2,2,2,1,2,1,1,2,0,1,1,2,1,2,2,2,2,2
9,1,4,12,2,30,19,14,15,3,5,5,0,2,3,0,14,20,16,11,18,10,7,5,4,5,5,0,5,0,0,0,0,0,5,3,0,0,0,0,0,4,0,0,0,5,2,5,0,5,0,0,2,4,0,0,0,0,0,4,0,4,4,5,2,4,4,5,0,5,5,5,5,5
10,6,4,6,2,36,16,16,10,4,8,0,0,2,3,0,19,10,14,10,13,10,6,1,2,0,0,0,0,0,0,0,0,0,0,2,0,0,0,0,0,1,0,0,0,0,4,0,0,0,0,0,4,1,0,0,0,0,0,1,0,1,1,0,4,1,1,0,0,4,4,4,4,4
11,2,4,6,1,18,16,13,13,3,4,3,0,2,2,20,12,16,13,11,10,15,4,7,1,3,3,2,3,2,2,2,0,2,3,1,0,0,0,0,0,0,0,2,2,3,1,3,0,3,0,2,1,0,2,0,0,0,0,0,0,0,0,3,1,0,0,3,2,3,3,3,3,3
1,6,5,9,2,50,13,13,10,5,9,0,0,3,2,0,18,10,14,14,12,11,5,1,2,0,0,0,0,0,0,0,2,0,0,2,2,2,2,2,2,1,2,0,0,0,4,0,2,0,2,0,4,1,0,2,2,2,2,1,2,1,1,0,4,1,1,0,0,5,5,5,5,5
2,1,5,9,2,25,18,16,12,3,4,2,0,2,3,20,13,14,14,13,10,12,3,6,4,2,2,1,2,1,1,1,1,1,2,2,1,1,1,1,1,0,1,1,1,2,1,2,1,2,1,1,1,0,1,1,1,1,1,0,1,0,0,2,1,0,0,2,1,2,2,2,2,2
3,1,5,9,2,30,15,15,10,3,5,0,0,2,3,0,15,11,11,13,15,13,4,1,6,0,0,1,0,1,1,1,1,1,0,0,1,1,1,1,1,2,1,1,1,0,2,0,1,0,1,1,2,2,1,1,1,1,1,2,1,2,2,0,2,2,2,0,1,3,3,3,3,3
4,3,5,9,2,39,17,14,13,3,5,3,0,3,2,20,14,16,15,11,16,12,7,3,4,3,3,1,3,1,1,1,0,1,3,2,0,0,0,0,0,3,0,1,1,3,2,3,0,3,0,1,2,3,1,0,0,0,0,3,0,3,3,3,2,3,3,3,1,3,3,3,3,3
5,3,5,9,2,19,14,12,12,2,4,2,0,2,1,0,14,15,11,15,15,16,2,2,6,2,2,3,2,3,3,3,2,3,2,0,2,2,2,2,2,2,2,3,3,2,2,2,2,2,2,3,2,2,3,2,2,2,2,2,2,2,2,2,2,2,2,2,3,2,2,2,2,2
6,1,5,9,2,36,17,17,10,5,8,0,0,3,3,0,16,11,13,11,12,13,5,1,2,0,0,1,0,1,1,1,0,1,0,1,0,0,0,0,0,1,0,1,1,0,3,0,0,0,0,1,3,1,1,0,0,0,0,1,0,1,1,0,3,1,1,0,1,5,5,5,5,5
7,7,5,9,1,23,18,15,13,4,6,3,0,2,3,0,15,16,11,16,12,11,1,6,1,3,3,0,3,0,0,0,3,0,3,0,3,3,3,3,3,1,3,0,0,3,2,3,3,3,3,0,2,1,0,3,3,3,3,1,3,1,1,3,2,1,1,3,0,3,3,3,3,3
8,5,5,6,2,18,16,15,11,2,2,1,0,2,3,0,11,12,13,16,14,11,2,2,6,1,1,0,1,0,0,0,3,0,1,1,3,3,3,3,3,2,3,0,0,1,0,1,3,1,3,0,0,2,0,3,3,3,3,2,3,2,2,1,0,2,2,1,0,1,1,1,1,1
9,1,5,12,2,31,16,13,13,3,4,3,0,2,2,0,13,15,12,11,16,15,5,6,6,3,3,2,3,2,2,2,0,2,3,1,0,0,0,0,0,3,0,2,2,3,1,3,0,3,0,2,1,3,2,0,0,0,0,3,0,3,3,3,1,3,3,3,2,4,4,4,4,4
10,1,5,9,2,46,20,20,10,5,8,0,0,3,3,0,17,11,17,14,15,12,7,1,3,0,0,1,0,1,1,1,2,1,0,3,2,2,2,2,2,2,2,1,1,0,3,0,2,0,2,1,3,2,1,2,2,2,2,2,2,2,2,0,3,2,2,0,1,5,5,5,5,5
11,3,5,12,2,30,16,12,14,5,5,4,0,2,1,0,10,19,10,12,15,14,5,7,3,4,4,2,4,2,2,2,1,2,4,0,1,1,1,1,1,2,1,2,2,4,0,4,1,4,1,2,0,2,2,1,1,1,1,2,1,2,2,4,0,2,2,4,2,3,3,3,3,3
1,1,6,9,2,38,13,13,10,6,8,0,0,2,1,0,15,10,12,11,14,14,5,2,4,0,0,11,0,2,2,2,0,2,0,1,0,0,0,0,0,2,0,2,2,0,11,0,0,0,0,2,2,2,9,0,0,0,0,2,0,2,2,0,2,2,9,0,2,4,4,4,4,4
2,5,6,9,2,25,14,11,13,4,6,3,0,2,1,20,14,17,10,13,10,13,2,8,5,3,3,1,3,1,1,1,1,1,3,0,1,10,1,10,10,0,1,1,1,3,2,3,1,3,1,1,2,0,1,1,1,1,1,0,1,9,0,3,2,0,0,3,1,2,2,2,2,2
3,1,6,9,2,46,16,16,10,4,4,0,0,2,3,0,11,11,17,12,14,11,8,2,5,0,0,0,0,0,0,0,1,0,0,3,1,1,1,11,11,11,1,0,0,0,0,0,1,0,1,0,0,2,0,1,1,1,1,2,1,2,2,0,0,2,2,0,0,3,3,3,3,3
4,2,6,6,1,47,12,12,10,4,7,0,0,2,1,0,17,11,20,12,15,14,9,2,7,0,0,2,0,2,2,2,1,2,0,13,1,10,1,1,1,2,1,12,2,0,3,0,1,0,1,2,10,2,2,1,1,1,1,2,1,2,2,0,3,2,2,0,2,4,4,4,4,4
5,1,6,9,2,15,19,18,11,3,5,1,0,2,3,0,14,12,11,10,11,18,2,3,5,1,1,4,1,4,4,4,0,4,1,9,0,0,0,0,0,0,0,4,4,1,2,1,0,10,9,4,2,0,4,0,0,0,0,0,0,0,0,1,2,0,0,1,4,2,2,2,2,2
6,6,6,12,2,42,18,18,10,6,10,0,0,3,3,0,18,11,14,11,11,12,6,2,2,0,0,1,0,1,1,1,0,1,0,2,0,0,0,0,0,0,0,1,1,0,12,0,0,0,0,11,12,0,1,0,0,0,0,0,0,0,0,0,12,0,0,0,1,5,5,5,5,5
7,3,6,12,2,34,19,14,15,4,8,5,0,2,2,20,18,20,10,11,14,18,3,9,4,5,5,4,5,4,4,4,0,4,5,0,0,0,0,0,0,2,0,4,13,13,4,5,0,5,0,4,4,2,13,0,0,0,0,2,0,2,2,5,4,2,2,5,4,4,4,4,4,4
8,4,6,9,1,29,18,17,11,4,3,1,0,2,3,0,9,13,16,16,13,10,4,3,6,1,1,0,1,0,0,0,3,0,1,12,3,12,3,12,12,1,3,0,0,1,-1,1,3,1,3,0,-1,1,0,3,3,3,3,1,3,10,1,1,-1,1,1,1,0,1,1,1,1,1
9,3,6,12,2,43,17,13,14,4,7,2,0,2,2,0,17,14,14,15,15,10,8,5,7,2,2,0,2,0,0,0,2,0,2,2,2,2,2,2,2,2,2,0,0,2,3,11,2,2,2,0,3,11,0,2,2,2,2,11,2,2,2,2,3,11,2,2,0,5,5,5,5,5
10,1,6,9,2,40,18,16,12,6,6,2,0,2,3,20,10,14,10,10,17,13,5,4,4,2,2,1,2,1,1,1,0,1,2,0,0,0,0,0,0,3,0,1,1,2,0,2,0,2,0,1,0,3,1,0,0,0,0,3,0,3,3,2,0,3,3,2,1,3,3,3,3,3
11,3,6,12,2,35,19,16,13,6,8,3,0,2,3,0,16,16,9,11,12,15,5,7,3,3,3,2,3,2,2,2,0,2,3,-1,0,0,9,0,0,10,0,2,2,3,3,3,0,3,0,2,11,1,2,0,0,0,0,1,0,1,1,3,3,1,1,3,2,3,3,3,3,3
1,2,7,6,1,62,19,18,11,7,9,1,0,2,3,0,14,13,18,11,12,11,8,3,3,1,1,11,1,0,0,0,0,0,1,4,0,0,0,0,0,1,0,0,0,1,2,1,0,1,0,11,2,1,0,0,0,0,0,1,11,1,1,1,2,1,11,1,0,5,5,5,5,5
2,3,7,6,2,47,16,13,13,5,6,3,0,2,2,20,12,17,14,14,11,14,5,7,5,3,3,2,3,12,2,2,2,2,3,12,2,12,2,2,12,0,2,2,2,3,1,3,2,3,2,2,1,0,2,2,2,2,2,0,2,0,0,3,1,0,0,3,2,2,2,2,2,2
3,1,7,9,2,39,15,14,11,5,6,1,0,2,2,0,13,12,13,15,15,11,6,3,7,1,1,0,1,0,0,0,2,0,1,1,12,12,12,2,12,12,2,0,0,1,1,1,2,1,2,0,1,2,0,2,2,2,2,2,2,2,2,1,1,2,2,1,0,2,2,2,2,2
4,5,7,12,2,57,22,21,11,5,5,1,0,2,3,20,11,12,16,10,12,11,8,2,6,1,1,0,1,0,10,0,0,0,1,3,10,0,0,0,0,1,0,0,0,1,10,1,0,1,0,0,0,1,0,0,0,0,0,1,0,1,1,1,0,1,1,1,0,4,4,4,4,4
5,3,7,12,2,39,15,11,14,4,5,4,0,2,1,0,13,19,15,15,14,11,5,5,7,4,4,0,4,0,0,0,2,10,4,2,2,2,2,2,2,2,2,0,0,4,1,13,2,10,12,0,1,2,0,2,2,2,2,2,2,2,2,4,1,2,2,4,0,2,2,2,2,2
6,6,7,12,2,43,16,14,12,7,11,2,0,3,2,0,18,14,11,8,16,8,5,3,5,2,2,-1,2,-1,-1,-1,-1,-1,11,0,-1,-1,-1,-1,-1,3,-1,-1,-1,2,4,2,-1,2,-1,-1,13,3,-1,-1,-1,-1,-1,3,-1,3,3,2,1,3,3,2,-1,2,2,2,2,2
7,3,7,6,2,48,14,12,12,5,7,2,0,2,1,0,14,14,14,10,11,16,5,6,2,11,2,3,2,13,3,3,0,13,2,2,0,0,0,0,0,0,0,3,3,11,2,2,0,2,0,3,2,0,3,0,0,0,0,0,0,0,0,2,11,0,0,2,3,3,3,3,3,3
8,1,7,12,2,34,20,18,12,3,3,2,0,2,3,0,10,15,15,17,12,13,4,4,6,2,2,1,2,1,1,1,3,1,2,12,3,3,3,13,13,1,13,1,1,2,0,2,3,2,3,1,0,1,1,3,3,3,3,1,3,1,1,2,0,1,1,2,1,3,3,3,3,3
9,3,7,12,2,49,22,19,13,5,7,3,0,2,3,0,15,17,15,10,12,13,8,7,5,3,3,1,3,1,1,1,0,1,3,2,0,0,0,0,0,1,0,11,1,3,12,13,0,3,0,1,2,1,1,0,0,0,0,1,0,1,1,3,2,10,1,3,1,5,5,5,5,5
10,1,7,6,2,63,14,14,10,7,9,0,0,3,2,0,14,10,16,12,14,12,8,2,3,0,0,11,0,1,1,1,1,1,10,3,1,11,1,1,1,2,1,1,1,0,2,0,1,0,1,1,2,2,1,11,1,1,1,2,1,2,2,0,2,2,2,0,1,4,4,4,4,4
11,3,7,12,2,65,17,16,11,7,9,1,0,2,3,0,14,13,15,12,13,11,8,5,3,1,1,10,1,0,0,0,1,0,1,2,1,1,11,11,1,1,1,0,0,1,12,11,1,1,1,0,2,1,0,1,1,1,1,1,1,1,1,1,2,1,1,1,0,3,3,3,3,3
1,1,8,9,2,78,17,17,10,8,10,0,0,3,3,0,14,11,17,10,17,10,8,2,5,0,0,0,0,0,0,0,0,0,0,3,0,0,0,0,0,3,0,0,0,0,2,0,0,0,0,0,2,3,0,0,0,0,0,3,0,3,3,0,2,3,3,0,0,5,5,5,5,5
2,7,8,6,1,52,15,14,11,7,9,1,0,2,2,20,15,13,15,10,11,17,4,6,6,1,1,3,1,3,3,3,0,3,1,2,0,0,0,0,0,0,0,3,3,1,2,1,0,1,0,3,2,0,3,0,0,0,0,0,0,0,0,1,2,0,0,1,3,3,3,3,3,3
3,1,8,9,2,32,20,20,10,6,6,0,0,2,3,20,11,10,10,17,17,11,6,2,6,0,0,0,0,0,0,0,3,0,0,0,3,3,3,3,3,3,3,0,0,0,0,0,3,0,3,0,0,3,0,3,3,3,3,3,3,3,3,0,0,3,3,0,0,4,4,4,4,4
4,3,8,9,2,52,19,16,13,6,6,3,0,2,3,0,11,17,10,11,16,11,7,4,8,3,3,0,3,0,0,0,0,0,3,0,0,0,0,0,0,3,0,0,0,3,0,3,0,3,0,0,0,3,0,0,0,0,0,3,0,3,3,3,0,3,3,3,0,5,5,5,5,5
5,3,8,9,2,41,18,17,11,4,4,1,0,2,3,0,10,13,12,12,15,17,4,2,8,1,1,3,1,3,3,3,1,3,1,1,1,1,1,1,1,2,1,3,3,1,0,1,1,1,1,3,0,2,3,1,1,1,1,2,1,2,2,1,0,2,2,1,3,3,3,3,3,3
6,1,8,9,2,72,17,16,11,8,9,1,0,3,3,0,12,13,18,16,10,12,9,3,2,1,1,1,1,1,1,1,3,1,1,4,3,3,3,3,3,0,3,1,1,1,1,1,3,1,3,1,1,0,1,3,3,3,3,0,3,0,0,1,1,0,0,1,1,5,5,5,5,5
7,7,8,6,1,50,15,13,12,6,5,2,0,2,1,0,8,15,15,14,10,14,4,6,2,2,2,2,2,2,2,2,2,2,2,2,2,2,2,2,2,0,2,2,2,2,-1,2,2,2,2,2,-1,0,2,2,2,2,2,0,2,0,0,2,-1,0,0,2,2,3,3,3,3,3
8,4,8,6,1,40,14,13,11,5,7,1,0,2,1,20,14,12,19,17,14,12,4,3,6,1,1,2,1,2,2,2,3,2,1,4,3,3,3,3,3,0,3,2,2,1,2,1,3,1,3,2,2,0,2,3,3,3,3,0,3,0,0,1,2,0,0,1,2,3,3,3,3,3
9,5,8,12,2,47,21,17,14,8,11,2,0,2,3,0,14,13,16,12,13,13,8,8,8,2,2,1,2,1,1,1,3,1,2,2,3,3,3,3,3,2,3,1,1,2,4,2,3,2,3,1,4,2,1,3,3,3,3,2,3,2,2,2,4,2,2,2,1,4,4,4,4,4
10,1,8,9,2,66,16,15,11,8,10,1,0,2,2,20,14,14,10,10,15,16,9,3,3,1,1,1,1,1,1,1,1,1,1,3,1,1,1,1,1,1,1,1,1,1,2,1,1,1,1,1,2,1,1,1,1,1,1,1,1,1,1,1,2,1,1,1,1,3,3,3,3,3
11,3,8,12,2,42,15,13,12,8,10,2,0,2,1,20,14,14,10,10,15,16,7,7,3,2,2,3,2,3,3,3,0,3,2,0,0,0,0,0,0,2,0,3,3,2,2,2,0,2,0,3,2,2,3,0,0,0,0,2,0,2,2,2,2,2,2,2,3,4,4,4,4,4
1,6,9,9,2,114,13,12,11,9,10,1,0,2,1,0,13,13,16,11,11,13,9,3,3,1,1,1,1,1,1,1,0,1,1,3,0,0,0,0,0,0,0,1,1,1,1,1,0,1,0,1,1,0,1,0,0,0,0,0,0,0,0,1,1,0,0,1,1,5,5,5,5,5
2,3,9,9,2,33,19,16,13,6,7,3,0,2,3,0,13,16,9,15,11,15,3,8,6,3,3,2,3,2,2,2,2,2,3,-1,2,2,2,2,2,0,2,2,2,3,1,3,2,3,2,2,1,0,2,2,2,2,2,0,2,0,0,3,1,0,0,3,2,2,2,2,2,2
3,2,9,6,1,77,18,18,10,6,6,0,0,2,3,20,10,10,19,15,14,12,9,3,7,0,0,2,0,2,2,2,1,2,0,4,1,1,1,1,1,2,1,2,2,0,0,0,1,0,1,2,0,2,2,1,1,1,1,2,1,2,2,0,0,2,2,0,2,3,3,3,3,3
4,5,9,9,2,79,18,15,13,6,7,3,0,2,3,20,13,17,17,12,15,12,9,6,6,3,3,1,3,1,1,1,1,1,3,3,1,1,1,1,1,2,1,1,1,3,1,3,1,3,1,1,1,2,1,1,1,1,1,2,1,2,2,3,1,2,2,3,1,5,5,5,5,5
5,1,9,9,2,42,18,15,13,4,4,3,0,2,2,20,10,17,14,10,13,15,5,6,7,3,3,2,3,2,2,2,0,2,3,2,0,0,0,0,0,1,0,2,2,3,0,3,0,3,0,2,0,1,2,0,0,0,0,1,0,1,1,3,0,1,1,3,2,2,2,2,2,2
6,1,9,9,2,66,22,19,13,9,9,3,0,3,3,20,11,16,14,14,13,11,7,6,4,3,3,0,3,0,0,0,2,0,3,2,2,2,2,2,2,1,2,0,0,3,0,3,2,3,2,0,0,1,0,2,2,2,2,1,2,1,1,3,0,1,1,3,0,5,5,5,5,5
7,3,9,9,2,36,17,14,13,6,6,3,0,2,2,0,11,17,9,17,14,14,3,8,5,3,3,2,3,2,2,2,3,2,3,-1,3,3,3,3,3,2,3,2,2,3,0,3,3,3,3,2,0,2,2,3,3,3,3,2,3,2,2,3,0,2,2,3,2,2,2,2,2,2
8,5,9,9,2,43,19,16,13,5,6,3,0,2,3,0,10,17,14,14,13,10,5,6,7,3,3,0,3,0,0,0,2,0,3,2,2,2,2,2,2,1,2,0,0,3,1,3,2,3,2,0,1,1,0,2,2,2,2,1,2,1,1,3,1,1,1,3,0,2,2,2,2,2
9,1,9,12,2,58,14,12,12,6,10,1,0,2,1,0,18,13,12,13,12,13,7,7,7,1,1,1,1,1,1,1,1,1,1,1,1,1,1,1,1,1,1,1,1,1,4,1,1,1,1,1,4,1,1,1,1,1,1,1,1,1,1,1,4,1,1,1,1,3,3,3,3,3
10,2,9,6,1,50,18,18,10,9,12,0,0,2,3,0,16,10,15,11,13,9,7,3,4,0,0,-1,0,-1,-1,-1,0,-1,0,2,0,0,0,0,0,1,0,-1,-1,0,3,0,0,0,0,-1,3,1,-1,0,0,0,0,1,0,1,1,0,3,1,1,0,-1,4,4,4,4,4
11,5,9,9,2,66,16,16,10,9,10,0,0,2,2,0,13,10,16,10,16,12,9,6,5,0,0,1,0,1,1,1,0,1,0,3,0,0,0,0,0,3,0,1,1,0,1,0,0,0,0,1,1,3,1,0,0,0,0,3,0,3,3,0,1,3,3,0,1,3,3,3,3,3
1,6,10,9,2,88,15,14,11,10,14,1,0,3,1,0,19,13,13,8,12,8,7,4,4,1,1,-1,1,-1,-1,-1,-1,-1,1,1,-1,-1,-1,-1,-1,1,-1,-1,-1,1,4,1,-1,1,-1,-1,4,1,-1,-1,-1,-1,-1,1,-1,1,1,1,4,1,1,1,-1,4,4,4,4,4
2,3,10,9,2,43,15,12,13,7,8,3,0,2,1,0,13,16,9,14,11,12,3,9,7,3,3,1,3,1,1,1,2,1,3,-1,2,2,2,2,2,0,2,1,1,3,1,3,2,3,2,1,1,0,1,2,2,2,2,0,2,0,0,3,1,0,0,3,1,1,1,1,1,1
3,2,10,6,1,70,18,18,10,7,8,0,0,2,3,0,12,11,16,13,14,9,9,3,8,0,0,-1,0,-1,-1,-1,1,-1,0,3,1,1,1,1,1,2,1,-1,-1,0,1,0,1,0,1,-1,1,2,-1,1,1,1,1,2,1,2,2,0,1,2,2,0,-1,3,3,3,3,3
4,5,10,9,2,65,15,14,11,7,9,1,0,2,1,0,14,13,14,10,14,15,9,3,9,1,1,2,1,2,2,2,0,2,1,2,0,0,0,0,0,2,0,2,2,1,2,1,0,1,0,2,2,2,2,0,0,0,0,2,0,2,2,1,2,2,2,1,2,3,3,3,3,3
5,3,10,9,2,57,15,14,11,5,5,1,0,1,1,0,11,12,14,11,12,14,6,3,8,1,1,2,1,2,2,2,0,2,1,2,0,0,0,0,0,1,0,2,2,1,0,1,0,1,0,2,0,1,2,0,0,0,0,1,0,1,1,1,0,1,1,1,2,2,2,2,2,2
6,1,10,9,2,65,14,12,12,10,12,2,0,2,1,20,14,15,12,15,13,12,7,5,4,2,2,1,2,1,1,1,2,1,2,1,2,2,2,2,2,1,2,1,1,2,2,2,2,2,2,1,2,1,1,2,2,2,2,1,2,1,1,2,2,1,1,2,1,4,4,4,4,4
7,7,10,6,1,43,16,15,11,8,9,1,0,2,2,20,12,12,13,14,13,14,4,7,4,1,1,2,1,2,2,2,2,2,1,1,2,2,2,2,2,1,2,2,2,1,1,1,2,1,2,2,1,1,2,2,2,2,2,1,2,1,1,1,1,1,1,1,2,3,3,3,3,3
8,4,10,6,1,35,17,17,10,5,4,0,0,1,3,0,9,11,14,14,11,12,4,3,7,0,0,1,0,1,1,1,2,1,0,2,2,2,2,2,2,0,2,1,1,0,-1,0,2,0,2,1,-1,0,1,2,2,2,2,0,2,0,0,0,-1,0,0,0,1,1,1,1,1,1
9,1,10,12,2,75,15,15,10,7,7,0,0,2,2,0,10,10,13,12,20,15,10,7,11,0,0,2,0,2,2,2,1,2,0,3,1,1,1,1,1,5,1,2,2,0,0,0,1,0,1,2,0,5,2,1,1,1,1,5,1,5,5,0,0,5,5,0,2,3,3,3,3,3
10,2,10,6,1,54,18,17,11,10,11,1,0,3,3,0,12,13,14,10,17,10,8,4,5,1,1,0,1,0,0,0,0,0,1,2,0,0,0,0,0,3,0,0,0,1,1,1,0,1,0,0,1,3,0,0,0,0,0,3,0,3,3,1,1,3,3,1,0,4,4,4,4,4
11,7,10,6,1,78,15,13,12,10,11,2,0,2,1,20,13,15,17,11,16,16,10,8,5,2,2,3,2,3,3,3,0,3,2,3,0,0,0,0,0,3,0,3,3,2,1,2,0,2,0,3,1,3,3,0,0,0,0,3,0,3,3,2,1,3,3,2,3,3,3,3,3,3
1,1,11,9,2,77,15,15,10,11,15,0,0,2,2,0,19,11,12,17,13,13,8,3,4,0,0,1,0,1,1,1,3,1,0,1,3,3,3,3,3,1,3,1,1,0,17,0,3,0,3,15,17,1,1,3,3,17,3,1,3,1,1,0,17,1,15,0,1,4,4,4,4,4
2,1,11,9,2,61,17,17,10,8,8,0,0,2,3,20,10,10,12,11,10,17,4,7,7,0,0,3,0,3,3,3,0,3,0,1,0,0,0,0,14,0,14,3,3,14,0,0,0,0,0,3,0,0,3,0,0,0,0,0,0,0,0,0,0,0,0,0,3,3,3,3,3,3
3,1,11,9,2,43,16,14,12,8,12,2,0,3,2,0,18,15,10,13,11,16,7,5,7,2,2,3,2,3,3,3,1,3,2,14,15,1,15,15,1,0,1,3,3,2,4,2,1,2,1,3,4,0,3,1,1,1,1,0,1,0,0,2,4,0,0,2,3,4,4,4,4,4
4,5,11,9,2,85,19,15,14,8,8,4,0,2,2,0,10,18,17,14,13,16,10,6,8,4,4,3,4,3,3,3,2,3,4,17,2,2,2,2,2,1,2,3,3,4,0,4,2,4,2,3,14,15,3,2,2,2,2,1,2,1,15,4,14,1,15,4,3,5,5,5,5,5
5,3,11,9,2,44,13,11,12,5,7,2,0,2,1,0,15,14,11,11,11,17,4,3,7,2,2,3,2,3,3,3,0,14,2,15,0,0,0,0,0,0,0,14,3,2,2,2,0,2,0,3,2,0,3,0,0,0,0,0,0,0,0,2,2,0,0,2,3,3,3,3,3,3
6,1,11,9,2,75,14,14,10,11,15,0,0,3,2,0,18,10,14,14,12,14,8,3,4,0,0,16,0,2,2,2,2,2,14,2,2,2,2,2,2,1,2,16,2,0,18,0,2,0,2,16,4,1,2,16,2,2,2,1,2,1,1,0,4,1,1,0,2,5,5,5,5,5
7,7,11,6,1,44,14,13,11,9,11,1,0,2,1,0,14,12,10,12,14,14,3,7,4,1,1,2,1,2,2,2,1,16,1,0,1,1,1,1,1,2,1,16,2,1,2,1,1,1,1,2,2,2,2,1,1,1,1,2,1,2,16,1,2,15,2,1,16,3,3,3,3,3
8,3,11,9,2,27,14,12,12,5,5,2,0,2,2,0,10,15,11,14,11,16,3,4,7,2,2,3,2,3,3,3,2,3,2,14,2,2,16,2,16,0,16,3,3,2,0,2,2,2,16,3,0,0,3,2,2,2,2,0,2,0,0,2,0,0,0,2,3,2,2,2,2,2
9,1,11,9,2,81,18,16,12,8,10,2,0,2,3,0,14,14,16,15,12,14,10,9,7,2,16,2,2,16,2,2,2,2,2,3,2,2,2,2,2,1,2,16,2,2,16,2,2,2,2,2,16,1,2,2,2,2,2,1,2,1,15,2,2,1,1,2,2,4,4,4,4,4
10,6,11,9,2,63,14,13,11,11,13,1,0,3,2,20,14,12,10,14,10,8,7,4,3,1,1,-1,1,-1,-1,-1,2,-1,1,14,17,2,17,2,2,14,2,-1,-1,1,2,1,2,1,2,-1,2,0,-1,2,2,2,2,0,2,0,17,1,2,0,0,1,-1,4,4,4,4,4
11,3,11,9,2,73,15,12,13,11,12,3,0,2,2,20,13,17,12,13,10,14,9,8,3,3,3,16,3,2,2,2,1,2,3,15,1,1,1,1,1,0,1,16,16,3,1,3,1,15,1,2,15,0,2,1,1,1,1,0,1,0,0,3,15,0,0,3,2,3,3,3,3,3
1,5,12,9,2,94,16,13,13,12,17,3,0,2,2,0,20,17,14,10,17,12,10,7,7,3,3,16,3,1,1,1,0,1,18,2,0,0,0,0,0,3,0,16,16,3,5,3,0,3,0,1,18,3,1,0,0,0,0,3,0,3,3,3,18,3,3,3,1,5,5,5,5,5
2,7,12,6,1,51,15,11,14,10,10,4,0,2,1,20,10,18,12,14,11,15,5,9,8,4,4,2,4,17,2,2,2,2,4,1,2,2,2,17,17,0,2,2,17,4,0,17,2,17,2,2,0,0,17,2,2,2,2,0,2,0,0,2,0,0,0,2,17,2,2,2,2,2
3,1,12,9,2,64,14,13,11,9,9,1,0,2,2,0,11,12,13,11,13,12,8,5,9,1,1,1,1,1,1,1,0,1,1,1,15,0,0,0,0,1,0,16,1,1,0,1,0,1,15,1,0,1,1,0,0,0,0,1,0,1,1,1,0,1,1,1,1,3,3,3,3,3
4,1,12,9,2,67,14,12,12,9,9,2,0,2,1,0,11,15,10,13,15,15,8,5,10,2,2,17,2,2,2,2,1,2,2,0,1,16,1,1,1,2,1,2,2,2,0,2,1,2,1,2,0,17,2,15,1,1,1,2,1,2,2,2,0,2,2,2,2,3,3,3,3,3
5,3,12,9,2,66,22,17,15,6,6,5,0,2,3,20,10,20,15,12,11,18,7,6,8,5,5,4,5,4,4,4,1,4,5,16,1,1,1,1,16,0,3,16,16,5,0,5,1,5,1,3,0,0,3,1,1,1,1,0,1,0,0,5,0,0,0,5,3,4,4,4,4,4
6,5,12,9,2,70,15,14,11,12,13,4,0,3,1,0,12,19,11,15,10,12,8,7,4,4,4,1,4,1,1,1,2,1,18,0,2,2,2,2,2,0,2,1,1,4,15,4,2,4,2,17,15,0,1,2,2,2,2,0,2,0,0,4,15,0,0,4,1,5,5,5,5,5
7,1,12,9,2,42,14,13,11,9,12,1,0,2,2,0,17,12,10,16,14,13,4,9,6,1,1,1,16,16,1,1,3,1,1,0,3,3,3,3,3,2,3,1,1,16,3,16,3,16,3,16,3,2,1,3,3,3,3,2,3,2,2,16,3,2,2,16,1,3,3,3,3,3
8,1,12,9,2,30,18,15,13,6,8,3,0,2,2,0,14,16,13,17,12,10,4,7,9,3,3,0,3,0,0,0,3,0,3,1,3,18,18,3,18,1,18,0,0,3,2,3,3,3,3,0,2,1,0,18,3,3,3,1,3,1,1,3,2,1,1,3,0,2,2,2,2,2
9,3,12,9,2,76,21,16,15,9,9,5,0,2,3,0,10,21,13,11,10,10,10,11,8,5,5,0,5,0,0,0,0,0,5,1,15,0,0,0,15,0,0,0,0,5,0,18,0,18,0,0,0,0,0,0,0,0,0,0,0,0,0,5,0,0,0,5,0,5,5,5,5,5
10,1,12,9,2,113,18,16,12,12,12,2,0,2,3,0,10,15,18,10,10,17,12,6,4,2,2,3,2,3,3,3,0,3,17,4,0,0,15,0,0,15,0,3,3,2,0,2,0,2,0,3,0,0,3,0,0,0,0,0,0,0,0,2,0,0,0,2,3,5,5,5,5,5
11,1,12,9,2,80,15,13,12,12,12,2,0,2,2,20,11,15,12,13,12,15,9,9,5,2,2,2,2,2,2,2,1,2,16,16,1,1,1,1,1,1,1,2,2,2,0,2,1,2,1,2,0,16,2,16,0,0,0,1,0,1,1,2,0,1,1,2,2,4,4,4,4,4
1,1,13,9,2,115,17,17,10,13,13,0,0,3,3,0,10,10,17,13,14,11,10,4,6,0,0,16,0,0,0,0,1,0,0,3,1,1,1,1,1,2,1,16,16,0,16,0,1,0,1,16,0,2,0,17,1,1,1,2,1,2,2,0,0,2,18,0,0,4,4,4,4,4
2,3,13,9,2,84,14,13,11,9,9,1,0,2,1,0,11,12,13,13,10,19,6,8,8,1,19,4,1,19,4,4,1,4,1,1,17,1,17,1,17,0,17,4,4,1,0,1,1,1,1,4,0,0,4,1,1,1,1,0,1,0,0,1,0,0,0,1,4,2,2,2,2,2
3,1,13,9,2,102,18,18,10,9,11,0,0,2,3,0,15,10,16,10,16,19,11,4,6,0,0,4,0,4,4,4,0,4,0,19,16,0,16,0,0,3,0,19,4,0,2,0,0,0,16,4,2,3,4,16,0,0,0,3,0,3,3,0,2,3,3,0,4,4,4,4,4,4
4,2,13,6,1,84,15,14,11,9,9,1,0,2,2,0,10,13,15,12,17,8,9,5,10,1,1,-1,1,-1,-1,-1,1,-1,17,17,1,1,1,1,1,3,1,-1,-1,1,0,1,1,1,1,-1,0,3,-1,1,1,1,1,3,1,18,3,1,0,3,18,1,-1,4,4,4,4,4
5,3,13,9,2,57,16,12,14,6,7,4,0,2,1,0,12,18,12,10,11,17,6,7,8,4,4,3,4,3,3,3,0,3,4,1,0,0,0,0,0,0,0,3,3,4,1,4,0,4,0,3,1,0,3,0,0,0,0,0,0,0,0,4,1,0,0,4,3,3,3,3,3,3
6,6,13,9,2,83,16,15,11,13,18,1,0,3,2,0,20,13,10,12,13,8,8,5,5,1,1,-1,1,-1,-1,-1,1,-1,17,0,1,1,1,1,1,1,1,-1,-1,1,5,1,1,1,1,16,18,1,-1,18,1,1,1,1,1,1,1,1,18,1,1,1,-1,5,5,5,5,5
7,3,13,9,2,57,16,12,14,9,9,4,0,2,1,0,11,19,8,10,10,14,4,10,4,4,4,2,4,2,2,2,0,2,4,-1,0,0,0,0,0,0,16,18,18,18,0,4,0,4,0,2,0,0,2,16,0,0,0,16,0,16,16,4,0,16,16,4,2,3,3,3,3,3
8,1,13,9,2,38,15,12,13,6,6,3,0,2,1,0,10,16,11,16,12,13,4,5,9,3,3,1,3,1,1,1,3,1,3,16,19,19,19,3,19,1,19,1,1,3,0,3,3,3,3,1,0,1,1,3,3,3,3,1,3,1,1,3,0,1,1,3,1,2,2,2,2,2
9,1,13,12,2,89,15,15,10,7,12,0,0,2,2,0,20,10,13,13,12,11,9,8,9,0,0,0,16,0,0,0,1,0,0,1,1,1,1,1,1,1,1,0,0,16,5,16,1,16,1,0,5,1,0,1,1,1,1,1,1,1,1,16,5,1,1,16,0,3,3,3,3,3
10,1,13,9,2,78,18,18,10,13,17,0,0,3,3,0,18,10,12,10,14,10,9,4,4,0,0,18,0,0,0,0,0,0,0,1,0,0,0,0,0,2,0,0,0,0,4,0,0,0,0,0,4,2,0,0,0,0,0,2,0,16,2,0,4,16,2,0,0,5,5,5,5,5
11,1,13,9,2,43,16,13,13,13,16,3,0,2,1,20,17,17,11,11,10,16,8,10,4,3,3,3,3,3,3,3,0,3,18,0,0,0,0,0,0,0,0,3,3,3,3,3,0,3,0,3,3,0,3,16,0,0,0,16,0,0,0,3,19,0,0,3,3,3,3,3,3,3
1,1,14,9,2,139,16,14,12,14,17,2,0,2,2,0,16,14,15,13,11,15,11,4,4,2,2,19,2,2,2,2,1,2,17,2,1,1,1,1,1,0,1,2,2,2,20,2,1,2,1,18,3,0,2,18,1,1,1,0,1,0,0,2,3,0,0,2,2,4,4,4,4,4
2,7,14,6,1,56,17,12,15,11,12,5,0,2,1,20,13,20,11,12,11,14,4,11,9,5,5,2,19,18,2,2,1,2,5,0,1,1,1,18,1,0,1,2,2,19,1,19,1,19,1,2,1,0,2,1,1,1,1,0,1,0,0,5,1,0,0,19,2,2,2,2,2,2
3,1,14,9,2,124,14,13,11,10,10,1,0,2,2,0,10,13,18,15,13,13,13,5,9,1,1,1,1,1,1,1,2,1,1,21,19,2,2,2,19,17,2,1,1,1,0,1,2,1,2,1,0,17,1,2,2,2,2,1,2,1,1,1,0,1,1,1,1,3,3,3,3,3
4,1,14,9,2,96,19,17,12,10,10,2,0,2,3,0,11,14,14,14,16,15,11,6,10,2,2,19,2,2,2,2,2,2,19,2,2,2,2,2,2,3,2,19,2,2,0,2,2,2,2,2,17,18,2,2,2,2,2,18,2,18,18,2,17,18,18,2,2,4,4,4,4,4
5,3,14,9,2,48,13,12,11,7,8,1,0,2,1,0,13,13,13,12,12,17,5,4,10,1,1,3,1,3,3,3,1,20,1,1,1,1,1,1,1,1,1,20,20,1,1,18,1,18,1,3,1,1,3,1,1,1,1,1,1,1,1,1,1,1,1,1,3,2,2,2,2,2
6,1,14,9,2,87,18,16,12,14,16,2,0,3,3,20,14,14,13,10,12,10,10,4,5,2,2,0,2,0,0,0,0,0,2,1,0,0,0,0,0,1,0,0,0,2,2,2,0,2,0,0,19,1,0,17,0,0,0,1,0,1,1,2,19,1,1,2,0,4,4,4,4,4
7,1,14,9,2,47,14,13,11,10,10,1,0,2,2,0,11,12,10,20,15,13,4,10,6,18,1,1,1,1,1,1,5,18,1,0,5,5,5,5,5,2,5,18,18,1,0,1,5,1,5,1,0,2,1,5,5,5,5,2,5,2,2,1,0,19,2,1,1,2,2,2,2,2
8,3,14,9,2,65,15,14,11,7,9,1,0,2,1,0,14,12,13,16,13,12,6,4,10,1,1,1,1,1,1,1,3,1,1,18,18,18,18,3,18,1,3,1,1,1,2,1,3,1,3,1,2,1,1,3,3,3,3,1,3,1,1,1,2,1,1,1,1,3,3,3,3,3
9,1,14,12,2,51,18,16,12,8,11,2,0,2,2,0,16,14,10,13,11,10,9,11,9,2,19,0,2,0,0,0,1,0,2,0,1,1,1,1,1,0,1,0,0,2,3,19,1,19,1,0,3,0,0,1,1,1,1,0,1,18,0,2,3,0,0,2,0,3,3,3,3,3
10,1,14,9,2,112,16,15,11,14,15,1,0,3,3,0,12,13,16,16,11,14,12,5,4,1,1,17,1,2,2,2,3,2,1,3,20,3,3,3,3,17,3,17,17,1,1,1,3,1,3,17,1,17,17,3,3,3,3,17,3,17,17,1,1,17,17,1,2,4,4,4,4,4
11,3,14,9,2,65,18,12,16,14,14,6,0,2,1,20,10,22,9,15,11,11,9,12,4,6,6,17,6,0,0,0,2,0,20,-1,2,19,2,19,2,0,2,0,0,6,0,6,2,6,2,0,0,0,0,2,2,2,2,17,2,0,0,6,0,0,17,6,0,4,4,4,4,4
1,1,15,9,2,149,14,12,12,15,18,2,0,3,1,0,16,14,16,13,10,15,12,5,5,2,2,20,2,2,2,2,1,2,2,3,1,1,1,1,1,0,1,2,2,2,3,2,1,2,1,20,3,0,2,19,1,1,1,18,1,18,18,2,3,0,18,2,2,4,4,4,4,4
2,1,15,9,2,88,14,14,10,10,11,0,0,2,2,0,12,11,16,12,10,14,7,9,9,0,0,2,17,20,2,2,1,2,0,3,1,1,1,1,1,0,1,2,2,17,1,0,1,0,1,2,1,0,2,1,1,1,1,18,1,0,18,0,1,18,18,0,2,2,2,2,2,2
3,3,15,9,2,106,16,14,12,10,11,2,0,2,2,0,13,14,12,13,17,13,11,6,12,2,2,1,2,1,1,1,1,1,2,1,19,1,1,1,1,21,1,1,1,2,1,2,1,2,1,1,1,21,1,1,1,1,1,3,1,21,3,2,1,3,3,2,1,4,4,4,4,4
4,1,15,9,2,68,13,13,10,10,10,0,0,2,1,0,10,10,10,16,17,16,9,5,11,0,0,21,0,3,3,3,3,3,0,18,3,21,3,3,3,21,3,21,3,0,0,0,3,0,3,3,0,21,3,3,3,3,3,21,3,3,3,0,0,3,3,0,3,3,3,3,3,3
5,3,15,9,2,40,13,12,11,7,8,1,0,2,1,0,13,13,8,14,14,16,5,5,11,1,1,3,1,3,3,3,2,21,1,17,2,2,2,2,20,2,2,3,3,1,1,1,2,19,2,3,1,2,3,2,2,2,2,2,2,2,2,1,1,2,2,1,3,2,2,2,2,2
6,6,15,9,2,143,19,16,13,15,19,3,0,3,3,0,19,16,21,9,11,9,13,8,5,3,3,-1,3,-1,-1,-1,-1,-1,21,5,-1,-1,-1,-1,-1,0,-1,-1,-1,3,4,3,-1,3,-1,-1,22,0,-1,-1,-1,-1,-1,0,-1,0,0,3,22,0,0,3,-1,5,5,5,5,5
7,7,15,6,1,66,14,13,11,12,12,1,0,2,2,20,10,12,13,16,13,10,6,9,6,19,1,0,1,0,0,0,21,0,1,1,3,3,3,3,3,1,3,0,0,1,0,1,3,1,3,0,0,1,18,3,3,3,3,1,3,1,1,1,18,1,1,19,18,2,2,2,2,2
8,3,15,9,2,42,18,15,13,7,9,3,0,2,2,20,15,16,12,16,18,13,5,7,13,3,3,1,3,1,1,1,4,1,3,18,4,22,22,22,22,3,4,1,1,3,2,3,4,3,21,1,2,3,1,4,4,4,4,3,4,3,3,3,2,3,3,3,1,4,4,4,4,4
9,6,15,12,2,69,18,13,15,10,12,3,0,2,3,0,15,16,10,9,15,9,9,10,11,3,3,-1,3,-1,-1,-1,-1,-1,3,0,17,-1,-1,-1,17,2,17,-1,-1,3,2,3,-1,3,-1,-1,20,2,-1,-1,-1,-1,-1,2,-1,2,2,3,20,2,2,3,-1,4,4,4,4,4
10,1,15,9,2,82,18,15,13,15,15,3,0,2,3,20,10,16,11,11,14,11,9,8,5,3,3,0,3,0,0,0,0,0,21,0,0,0,0,0,0,2,0,0,0,3,0,3,0,3,0,0,0,2,0,18,0,0,0,2,0,2,2,3,0,18,2,3,0,4,4,4,4,4
11,3,15,9,2,86,19,16,13,15,18,3,0,3,3,20,16,17,11,12,14,16,10,11,7,3,3,3,3,3,3,3,1,3,20,0,1,19,1,1,1,2,1,3,3,3,3,3,1,20,1,3,3,2,3,1,1,1,1,2,1,2,2,3,19,2,20,3,3,5,5,5,5,5
1,1,16,9,2,197,17,16,11,16,17,1,0,3,3,0,13,12,22,13,11,14,14,6,5,1,1,0,1,0,0,0,1,0,1,6,1,1,1,1,1,0,1,0,0,1,20,1,1,1,1,19,20,0,0,1,1,1,1,19,1,0,0,1,20,0,0,1,0,4,4,4,4,4
2,3,16,9,2,104,16,14,12,12,13,2,0,2,2,20,12,15,14,13,16,16,8,11,13,2,2,3,2,20,3,3,1,20,2,2,1,1,20,1,20,3,1,20,2,2,1,2,1,2,1,2,1,3,2,1,1,1,1,3,1,3,3,2,1,3,3,2,2,3,3,3,3,3
3,2,16,6,1,78,17,15,12,12,12,2,0,2,2,0,10,15,13,10,15,11,10,7,10,2,2,0,2,0,0,0,0,0,2,20,19,0,0,0,0,19,0,0,0,2,0,2,0,2,0,0,0,2,0,0,0,0,0,2,0,2,2,2,0,21,2,2,0,3,3,3,3,3
4,3,16,9,2,79,16,12,14,12,12,4,0,2,1,20,10,18,11,13,20,10,11,8,13,4,4,0,4,0,0,0,1,0,4,19,20,20,1,1,1,5,1,0,0,4,0,4,1,4,1,0,0,5,0,1,1,1,1,5,1,5,5,4,0,5,24,4,0,5,5,5,5,5
5,3,16,9,2,58,14,12,12,8,9,2,0,2,1,0,12,15,10,12,12,17,6,6,11,2,2,3,2,3,3,3,1,3,2,19,1,1,1,1,20,1,20,3,3,2,1,21,1,2,1,3,1,1,3,1,1,1,1,1,1,1,1,2,1,1,1,2,3,3,3,3,3,3
6,6,16,9,2,110,16,16,10,16,19,0,0,3,2,0,16,11,13,8,16,9,11,5,8,0,0,18,0,-1,-1,-1,-1,-1,0,1,-1,-1,-1,-1,-1,3,-1,18,18,0,22,0,-1,0,-1,-1,22,3,-1,-1,-1,-1,-1,3,-1,3,3,0,3,3,3,0,-1,4,4,4,4,4
7,7,16,6,1,66,18,13,15,12,11,5,0,2,1,20,9,20,10,12,14,14,5,14,5,5,5,2,5,2,2,2,1,2,5,0,1,1,1,1,1,2,1,21,21,5,-1,24,1,24,1,21,-1,2,21,1,1,1,1,2,1,2,2,24,-1,2,2,24,21,3,3,3,3,3
8,4,16,6,1,38,13,11,12,8,7,2,0,1,1,0,8,14,13,20,16,12,5,5,13,2,2,1,2,1,1,1,5,1,2,20,5,5,5,24,24,3,24,1,1,2,-1,2,5,2,5,1,-1,3,1,5,5,5,5,3,5,3,3,2,-1,3,3,2,1,1,1,1,1,1
9,3,16,12,2,126,19,13,16,12,14,4,0,2,3,0,14,19,14,16,16,12,13,11,13,4,4,1,4,1,1,1,3,1,4,2,3,3,3,3,3,3,3,1,1,4,2,4,3,4,3,1,2,3,1,3,3,3,3,3,3,3,3,4,2,3,3,4,1,4,4,4,4,4
10,1,16,9,2,145,17,16,11,16,19,1,0,3,3,0,16,13,17,11,12,16,13,6,6,1,1,3,1,3,3,3,0,3,1,22,19,0,0,0,0,20,0,3,3,1,3,1,0,1,0,3,3,20,3,0,0,0,0,1,0,1,1,1,3,1,1,1,3,4,4,4,4,4
11,3,16,9,2,118,20,17,13,16,16,3,0,3,3,20,11,16,13,17,17,11,12,10,8,3,3,0,3,0,0,0,3,0,3,1,3,22,3,3,3,3,3,0,0,3,0,21,3,21,3,0,0,3,0,3,3,3,3,3,21,3,3,3,0,3,21,3,0,4,4,4,4,4
1,6,17,9,2,123,15,12,13,17,19,3,0,3,2,0,15,17,13,14,17,9,11,6,8,3,3,-1,3,-1,-1,-1,2,-1,3,1,2,2,2,2,2,3,2,-1,-1,3,2,3,2,3,2,19,21,3,-1,2,2,2,2,3,2,3,3,3,21,3,3,3,-1,4,4,4,4,4
2,5,17,9,2,97,16,14,12,12,15,2,0,2,2,0,16,15,14,17,11,20,7,12,10,2,2,5,2,5,5,5,3,5,2,2,21,3,21,21,21,0,21,5,5,2,3,2,3,2,3,5,3,0,25,3,3,3,3,0,3,0,0,2,3,0,0,2,25,3,3,3,3,3
3,1,17,9,2,132,18,15,13,12,14,3,0,2,2,0,15,17,18,10,17,10,14,8,11,3,3,0,3,0,0,0,0,0,3,24,20,0,0,0,0,23,0,0,0,3,2,3,0,3,0,0,2,23,0,0,0,0,0,23,0,23,23,3,2,23,23,3,0,4,4,4,4,4
4,1,17,9,2,116,19,16,13,12,14,3,0,2,3,0,14,16,15,11,18,13,12,6,14,3,3,21,3,1,1,1,0,1,3,22,0,20,0,0,0,4,0,21,1,3,2,3,0,3,0,1,2,4,1,0,0,0,0,4,0,4,4,3,2,4,24,3,1,4,4,4,4,4
5,3,17,9,2,58,20,16,14,8,10,4,0,2,2,0,14,18,11,16,10,18,6,8,10,4,4,4,4,4,4,4,3,24,4,20,3,3,3,3,23,0,23,4,4,4,2,24,3,24,3,4,2,0,4,3,3,3,3,0,3,0,0,4,2,0,0,4,4,3,3,3,3,3
6,6,17,9,2,113,15,11,14,17,18,4,0,2,1,0,13,19,10,9,15,8,10,7,7,4,4,-1,4,-1,-1,-1,-1,-1,4,0,-1,-1,-1,-1,-1,2,-1,-1,-1,4,1,4,-1,4,-1,-1,1,2,-1,-1,-1,-1,-1,2,-1,2,2,4,1,2,2,4,-1,4,4,4,4,4
7,7,17,6,1,65,14,11,13,13,14,3,0,2,1,20,13,17,10,11,10,12,5,10,5,3,3,1,3,1,1,1,0,1,3,0,0,0,0,0,0,0,0,1,1,3,21,23,0,23,0,1,21,0,1,0,0,0,0,0,0,0,0,23,21,0,0,23,1,3,3,3,3,3
8,1,17,9,2,50,19,16,13,8,9,3,0,2,3,0,13,17,11,18,7,12,5,6,13,3,3,1,3,1,1,1,4,1,3,20,4,24,24,24,24,3,4,1,1,3,1,3,4,3,24,1,1,3,1,4,4,4,4,3,4,3,3,3,1,3,3,3,1,3,3,3,3,3
9,1,17,12,2,79,17,13,14,12,12,3,0,2,2,0,11,16,11,11,16,15,10,11,12,3,23,2,3,2,2,2,0,2,3,0,0,0,0,0,0,3,0,2,2,23,0,23,0,23,0,2,0,3,2,0,0,0,0,3,0,3,3,3,20,3,3,3,2,3,3,3,3,3
10,1,17,9,2,148,16,15,11,17,20,1,0,3,2,0,17,13,14,13,17,11,12,6,8,1,1,20,1,0,0,0,1,0,1,22,21,1,1,1,1,3,1,0,0,1,3,1,1,1,1,20,3,3,0,1,1,1,1,3,1,3,3,1,3,23,3,1,0,4,4,4,4,4
11,3,17,12,2,78,16,12,14,17,19,4,0,2,1,20,14,18,8,10,10,12,10,11,5,4,4,1,4,1,1,1,0,1,4,-1,0,0,0,20,0,20,0,1,1,4,2,21,0,21,0,1,2,20,1,0,0,0,0,0,0,0,0,4,2,0,0,21,1,3,3,3,3,3
1,1,18,9,2,140,18,15,13,18,19,3,0,2,2,0,13,17,15,14,12,10,11,9,7,3,3,21,3,0,0,0,2,0,24,2,2,2,2,2,2,1,2,0,0,3,1,3,2,3,2,0,22,1,0,2,2,2,2,22,2,1,1,3,22,1,22,3,0,4,4,4,4,4
2,5,18,9,2,75,14,14,10,13,15,0,0,2,2,0,15,11,13,10,12,20,7,11,12,0,0,5,0,26,5,5,0,26,0,1,0,0,0,0,21,1,21,26,2,0,2,0,0,0,0,26,2,1,2,0,0,0,0,22,0,1,1,0,2,1,1,0,2,3,3,3,3,3
3,1,18,9,2,88,18,18,10,13,14,0,0,2,3,0,13,10,10,13,18,13,11,6,13,0,0,1,0,1,1,1,1,1,0,21,22,1,1,1,1,25,1,1,1,0,1,0,1,0,1,1,1,25,1,1,1,1,1,4,1,4,4,0,1,25,4,0,1,4,4,4,4,4
4,3,18,9,2,126,17,13,14,13,13,4,0,2,2,20,10,19,13,14,17,11,13,7,14,4,4,0,4,0,0,0,2,0,4,1,2,2,2,2,2,3,2,0,0,4,0,4,2,4,2,0,0,3,0,2,2,2,2,3,2,3,3,4,0,3,3,4,0,5,5,5,5,5
5,3,18,9,2,74,14,11,13,9,9,3,0,2,1,20,11,16,10,17,10,18,7,8,11,3,3,4,3,4,4,4,3,25,3,21,3,3,3,3,24,0,24,4,4,3,0,3,3,3,24,4,0,0,25,3,3,3,3,0,3,0,0,3,0,0,0,3,4,3,3,3,3,3
6,1,18,9,2,112,18,18,10,18,20,0,0,3,3,0,14,11,15,14,13,11,11,6,7,0,0,21,0,0,0,0,2,0,21,2,2,2,2,2,2,1,2,0,0,0,2,0,2,0,2,21,23,1,0,2,2,2,2,1,2,1,1,0,23,1,1,0,0,4,4,4,4,4
7,7,18,6,1,100,18,14,14,14,15,4,0,2,2,0,12,19,15,14,11,17,8,12,6,4,22,3,4,3,3,3,2,3,4,2,2,2,2,2,2,0,2,3,3,4,23,25,2,25,2,3,1,0,24,2,2,2,2,0,2,0,0,24,1,21,0,4,0,4,4,4,4,4
8,1,18,9,2,62,17,13,14,9,11,4,0,2,2,0,14,19,13,17,12,10,7,8,12,4,4,0,4,0,0,0,3,0,4,22,3,24,3,24,24,1,24,0,0,4,2,4,3,4,24,0,2,1,21,3,3,3,3,1,3,1,1,4,2,1,1,4,21,3,3,3,3,3
9,3,18,12,2,118,18,10,18,13,15,4,0,14,18,13,10,18,17,0,4,3,13,12,15,4,4,3,25,3,3,3,0,3,4,1,0,0,0,0,0,4,0,3,3,25,2,25,0,25,0,3,2,25,3,0,0,0,0,4,0,4,4,4,2,25,4,4,3,5,5,5,5,5
10,1,18,9,2,157,14,14,10,18,22,0,0,2,2,0,18,10,14,17,14,13,13,6,8,0,0,22,0,1,1,1,3,1,21,24,3,3,3,3,3,23,3,1,1,0,4,0,3,0,3,1,4,23,1,3,3,3,3,2,3,2,2,0,4,23,2,0,1,4,4,4,4,4
11,1,18,12,2,108,20,18,12,18,21,2,0,2,3,0,16,14,13,10,17,14,12,13,7,2,2,2,2,2,2,2,0,2,23,1,0,0,0,21,0,3,0,2,2,2,3,23,0,23,0,2,3,3,2,0,0,0,0,3,0,3,3,23,3,3,3,23,2,4,4,4,4,4
1,6,19,9,2,170,14,14,10,19,23,0,0,3,2,0,18,11,15,10,10,13,13,6,6,0,0,22,0,1,1,1,0,1,22,2,0,0,0,0,0,0,0,1,1,0,25,0,0,0,0,22,25,0,1,0,0,0,0,0,0,0,0,0,25,0,0,0,1,4,4,4,4,4
2,7,19,6,1,120,18,13,15,15,16,5,0,2,1,20,12,20,17,12,15,18,9,13,13,5,5,4,5,25,4,4,1,25,5,25,1,1,1,22,1,2,1,4,4,5,1,26,1,26,1,4,1,2,4,1,1,1,1,2,1,2,2,26,1,2,2,5,4,4,4,4,4,4
3,1,19,9,2,114,18,18,10,14,14,14,0,2,3,0,10,11,12,15,18,14,12,6,13,0,0,2,0,2,2,2,2,2,0,23,24,24,2,2,2,26,2,2,2,0,0,0,2,0,2,2,0,26,2,2,2,2,2,4,2,4,4,0,0,4,4,0,2,4,4,4,4,4
4,1,19,9,2,131,15,13,12,14,16,2,0,2,1,0,15,14,14,15,19,14,13,6,15,2,2,24,2,2,2,2,2,2,24,24,2,24,2,2,2,4,2,2,2,2,2,2,2,2,24,2,2,4,2,2,2,2,2,4,2,4,4,2,2,4,26,2,2,4,4,4,4,4
5,3,19,9,2,84,18,15,13,9,9,3,0,2,2,20,11,17,16,14,15,11,8,8,13,3,3,5,3,5,5,5,2,27,3,25,2,2,2,2,24,2,2,27,5,3,0,3,2,25,2,5,0,2,5,2,2,2,2,2,2,2,2,3,0,2,2,25,5,4,4,4,4,4
6,6,19,9,2,106,19,16,13,19,24,3,0,3,3,0,21,16,11,15,11,15,11,9,6,3,3,24,3,2,2,2,2,2,25,0,2,2,2,2,2,0,2,2,2,3,27,3,2,3,2,24,27,0,2,2,2,2,2,0,2,0,0,3,27,0,0,3,2,5,5,5,5,5
7,7,19,6,1,64,23,17,16,15,15,6,0,2,3,20,10,22,11,12,11,15,6,14,6,6,6,2,6,2,2,2,1,24,6,0,1,1,1,1,1,0,1,2,2,6,0,28,1,28,1,2,0,0,2,1,1,1,1,0,1,0,0,28,0,0,0,28,2,4,4,4,4,4
8,1,19,9,2,54,17,13,14,9,12,4,0,2,1,0,16,18,10,11,20,10,6,8,11,4,4,0,4,0,0,0,5,0,4,22,27,27,5,5,27,0,27,0,0,4,3,4,5,4,27,0,3,0,0,5,5,5,5,0,5,0,0,4,3,0,0,4,0,4,4,4,4,4
9,1,19,12,2,80,16,13,13,14,14,3,0,2,2,0,10,14,10,11,17,14,11,12,14,3,3,2,25,2,2,2,0,2,3,0,0,0,0,0,0,3,0,24,2,25,0,25,0,25,0,2,0,3,2,0,0,0,0,3,0,3,3,3,0,25,3,3,2,4,4,4,4,4
10,1,19,9,2,99,18,18,10,19,22,0,0,2,3,0,16,10,13,12,17,11,12,6,9,0,0,0,0,0,0,0,1,0,0,23,1,1,1,1,1,25,1,22,0,0,3,0,1,0,1,22,3,3,0,1,1,1,1,3,1,3,3,0,3,25,3,0,0,4,4,4,4,4
11,3,19,12,2,99,17,14,13,19,23,3,0,3,2,20,19,17,9,14,11,17,11,13,6,3,3,25,3,3,3,3,2,3,25,-1,2,2,2,24,2,0,2,25,3,3,4,3,2,3,2,3,4,22,3,2,2,2,2,22,2,22,22,3,4,22,22,3,3,5,5,5,5,5
